dart monkey: 200 90 160 500 1900 140 170 475 8000
tack shooter: 360 210 300 500 2500 75 175 600 2800
sniper monkey: 350 300 1400 1800 5000 350 300 2400 7000
boomerang thrower: 400 175 250 1250 4000 50 150 1400 3000
ninja monkey: 500 300 250 650 3000 250 400 2200 5000
bomb tower: 650 200 300 700 3600 400 400 900 3200
ice tower: 300 225 400 6500 7000 100 350 2800 350
glue gunner: 225 150 300 2900 6000 120 600 2200 2500
monkey buccaneer: 450 400 180 1600 7000 600 250 1200 4800
monkey ace: 850 500 500 1800 16000 200 350 3300 17000
super monkey: 1800 2500 2000 15000 100000 700 1000 11000 20000
monkey apprentice: 500 200 1200 2100 4200 250 250 2600 4000
monkey village: 1250 500 1300 7000 12000 600 1600 3000 21000
banana farm: 1200 400 1500 3200 14000 250 4000 2800 5700
mortar tower: 750 200 400 650 7500 250 750 550 8000
dartling gun: 750 250 1100 6000 50000 850 800 6500 16000
spike factory: 600 550 500 2200 10000 500 800 2400 6500
heli pilot: 1200 900 250 1500 15000 250 300 1500 7500
engineer: 450 500 350 550 3800 450 200 550 5200
bloonchipper: 600 250 400 700 4000 300 450 1600 10000
monkey sub: 400 300 500 500 2800 450 1000 1750 20000
cobra: 425 400 650 400 1750 325 600 400 3500